100
7 10
9 109
4 65
7 9
7 121
19 1000
1 65
283 528
120 485
174 995
1 4
3 4
301 440
3 65
121 484
1 5
303 485
8 10
4 109
774 861
7 122
8 302
121 122
1 1
1 121
65 742
1 2
1 104
3 742
190 542
10 120
77 995
4 9
120 484
3 10
9 10
483 485
178 432
8 122
1 742
384 485
121 742
756 771
484 485
169 456
21 484
1 484
1 221
65 485
77 783
8 9
45 880
172 762
7 302
122 1000
547 787
100 1000
637 888
1 1000
65 221
1 485
3 104
7 221
139 272
259 804
446 554
832 940
728 840
3 5
65 302
120 121
958 998
4 5
483 584
65 484
1 10
145 189
21 121
484 584
226 840
21 221
484 742
1 109
1 101
1 6
3 9
426 999
518 901
1 122
4 121
483 742
384 484
1 302
384 584
3 109
484 484
667 972
122 483
316 604
4 104
